shutter_time,counts
1.11333e-05,27
2.22667e-05,42
3.34e-05,36
4.45333e-05,46
5.56667e-05,44
6.68e-05,57
7.79333e-05,39
8.90667e-05,47
0.0001002,28
0.000111333,52
0.000122467,40
0.0001336,42
0.000144733,39
0.000155867,38
0.000167,44
0.000178133,46
0.000189267,35
0.0002004,45
0.000211533,35
0.000222667,36
0.0002338,36
0.000244933,35
0.000256067,22
0.0002672,24
0.000278333,25
0.000289467,22
0.0003006,19
0.000311733,27
0.000322867,27
0.000334,23
0.000345133,33
0.000356267,18
0.0003674,21
0.000378533,18
0.000389667,21
0.0004008,22
0.000411933,22
0.000423067,25
0.0004342,17
0.000445333,17
0.000456467,16
0.0004676,28
0.000478733,19
0.000489867,27
0.000501,20
0.000512133,25
0.000523267,27
0.0005344,17
0.000545533,13
0.000556667,34
0.0005678,19
0.000578933,33
0.000590067,20
0.0006012,19
0.000612333,22
0.000623467,25
0.0006346,18
0.000645733,22
0.000656867,37
0.000668,26
0.000679133,28
0.000690267,21
0.0007014,26
0.000712533,25
0.000723667,26
0.0007348,21
0.000745933,17
0.000757067,18
0.0007682,20
0.000779333,18
0.000790467,20
0.0008016,24
0.000812733,18
0.000823867,27
0.000835,29
0.000846133,18
0.000857267,24
0.0008684,19
0.000879533,19
0.000890667,29
0.0009018,27
0.000912933,30
0.000924067,26
0.0009352,29
0.000946333,21
0.000957467,26
0.0009686,21
0.000979733,22
0.000990867,23
0.001002,29
0.00101313,25
0.00102427,20
0.0010354,26
0.00104653,15
0.00105767,12
0.0010688,18
0.00107993,24
0.00109107,27
0.0011022,20
0.00111333,34
0.00112447,22
0.0011356,22
0.00114673,16
0.00115787,21
0.001169,24
0.00118013,23
0.00119127,30
0.0012024,22
0.00121353,24
0.00122467,24
0.0012358,26
0.00124693,26
0.00125807,22
0.0012692,17
0.00128033,25
0.00129147,15
0.0013026,19
0.00131373,18
0.00132487,28
0.001336,27
0.00134713,20
0.00135827,22
0.0013694,24
0.00138053,28
0.00139167,29
0.0014028,16
0.00141393,20
0.00142507,21
0.0014362,26
0.00144733,17
0.00145847,29
0.0014696,24
0.00148073,25
0.00149187,23
0.001503,24
0.00151413,24
0.00152527,23
0.0015364,22
0.00154753,16
0.00155867,31
0.0015698,14
0.00158093,25
0.00159207,21
0.0016032,25
0.00161433,18
0.00162547,18
0.0016366,33
0.00164773,17
0.00165887,18
0.00167,15
0.00168113,14
0.00169227,27
0.0017034,19
0.00171453,17
0.00172567,19
0.0017368,28
0.00174793,30
0.00175907,23
0.0017702,28
0.00178133,19
0.00179247,22
0.0018036,30
0.00181473,28
0.00182587,34
0.001837,20
0.00184813,27
0.00185927,23
0.0018704,23
0.00188153,38
0.00189267,30
0.0019038,41
0.00191493,23
0.00192607,38
0.0019372,44
0.00194833,27
0.00195947,31
0.0019706,40
0.00198173,40
0.00199287,44
0.002004,36
0.00201513,39
0.00202627,40
0.0020374,45
0.00204853,49
0.00205967,40
0.0020708,39
0.00208193,62
0.00209307,47
0.0021042,60
0.00211533,62
0.00212647,62
0.0021376,67
0.00214873,59
0.00215987,56
0.002171,75
0.00218213,62
0.00219327,78
0.0022044,74
0.00221553,70
0.00222667,79
0.0022378,75
0.00224893,82
0.00226007,81
0.0022712,96
0.00228233,97
0.00229347,70
0.0023046,78
0.00231573,100
0.00232687,93
0.002338,80
0.00234913,98
0.00236027,91
0.0023714,78
0.00238253,99
0.00239367,78
0.0024048,111
0.00241593,120
0.00242707,100
0.0024382,119
0.00244933,120
0.00246047,137
0.0024716,126
0.00248273,104
0.00249387,138
0.002505,115
0.00251613,120
0.00252727,159
0.0025384,132
0.00254953,127
0.00256067,161
0.0025718,143
0.00258293,186
0.00259407,150
0.0026052,157
0.00261633,168
0.00262747,174
0.0026386,147
0.00264973,163
0.00266087,177
0.002672,186
0.00268313,223
0.00269427,191
0.0027054,206
0.00271653,195
0.00272767,188
0.0027388,193
0.00274993,189
0.00276107,202
0.0027722,235
0.00278333,209
0.00279447,195
0.0028056,196
0.00281673,217
0.00282787,210
0.002839,219
0.00285013,238
0.00286127,233
0.0028724,260
0.00288353,221
0.00289467,204
0.0029058,222
0.00291693,238
0.00292807,250
0.0029392,270
0.00295033,244
0.00296147,246
0.0029726,273
0.00298373,271
0.00299487,289
0.003006,252
0.00301713,272
0.00302827,268
0.0030394,292
0.00305053,292
0.00306167,302
0.0030728,245
0.00308393,309
0.00309507,279
0.0031062,291
0.00311733,290
0.00312847,303
0.0031396,295
0.00315073,326
0.00316187,283
0.003173,349
0.00318413,336
0.00319527,316
0.0032064,305
0.00321753,327
0.00322867,301
0.0032398,344
0.00325093,293
0.00326207,359
0.0032732,321
0.00328433,348
0.00329547,333
0.0033066,334
0.00331773,367
0.00332887,363
0.00334,327
0.00335113,353
0.00336227,377
0.0033734,359
0.00338453,380
0.00339567,366
0.0034068,401
0.00341793,372
0.00342907,401
0.0034402,374
0.00345133,387
0.00346247,420
0.0034736,419
0.00348473,372
0.00349587,364
0.003507,415
0.00351813,399
0.00352927,405
0.0035404,413
0.00355153,398
0.00356267,422
0.0035738,401
0.00358493,400
0.00359607,437
0.0036072,440
0.00361833,427
0.00362947,483
0.0036406,444
0.00365173,434
0.00366287,396
0.003674,422
0.00368513,407
0.00369627,439
0.0037074,465
0.00371853,443
0.00372967,452
0.0037408,443
0.00375193,410
0.00376307,433
0.0037742,461
0.00378533,437
0.00379647,435
0.0038076,414
0.00381873,432
0.00382987,469
0.003841,449
0.00385213,473
0.00386327,454
0.0038744,419
0.00388553,470
0.00389667,463
0.0039078,433
0.00391893,466
0.00393007,434
0.0039412,471
0.00395233,429
0.00396347,442
0.0039746,466
0.00398573,454
0.00399687,455
0.004008,421
0.00401913,432
0.00403027,492
0.0040414,416
0.00405253,402
0.00406367,436
0.0040748,460
0.00408593,430
0.00409707,444
0.0041082,440
0.00411933,436
0.00413047,443
0.0041416,482
0.00415273,415
0.00416387,458
0.004175,386
0.00418613,491
0.00419727,467
0.0042084,474
0.00421953,458
0.00423067,513
0.0042418,488
0.00425293,489
0.00426407,491
0.0042752,451
0.00428633,493
0.00429747,496
0.0043086,496
0.00431973,436
0.00433087,468
0.004342,529
0.00435313,459
0.00436427,479
0.0043754,480
0.00438653,497
0.00439767,526
0.0044088,513
0.00441993,509
0.00443107,478
0.0044422,511
0.00445333,513
0.00446447,512
0.0044756,559
0.00448673,461
0.00449787,494
0.004509,497
0.00452013,483
0.00453127,552
0.0045424,494
0.00455353,522
0.00456467,528
0.0045758,445
0.00458693,451
0.00459807,473
0.0046092,503
0.00462033,476
0.00463147,472
0.0046426,457
0.00465373,466
0.00466487,488
0.004676,444
0.00468713,460
0.00469827,474
0.0047094,467
0.00472053,429
0.00473167,491
0.0047428,485
0.00475393,441
0.00476507,427
0.0047762,487
0.00478733,428
0.00479847,481
0.0048096,464
0.00482073,437
0.00483187,426
0.004843,463
0.00485413,432
0.00486527,413
0.0048764,440
0.00488753,431
0.00489867,432
0.0049098,454
0.00492093,462
0.00493207,444
0.0049432,421
0.00495433,456
0.00496547,428
0.0049766,415
0.00498773,412
0.00499887,424
0.00501,387
0.00502113,414
0.00503227,416
0.0050434,426
0.00505453,376
0.00506567,399
0.0050768,407
0.00508793,431
0.00509907,400
0.0051102,438
0.00512133,421
0.00513247,357
0.0051436,377
0.00515473,416
0.00516587,411
0.005177,440
0.00518813,392
0.00519927,416
0.0052104,393
0.00522153,376
0.00523267,377
0.0052438,325
0.00525493,414
0.00526607,390
0.0052772,345
0.00528833,354
0.00529947,418
0.0053106,387
0.00532173,380
0.00533287,366
0.005344,383
0.00535513,354
0.00536627,361
0.0053774,393
0.00538853,303
0.00539967,375
0.0054108,336
0.00542193,337
0.00543307,346
0.0054442,353
0.00545533,327
0.00546647,377
0.0054776,350
0.00548873,335
0.00549987,322
0.005511,305
0.00552213,373
0.00553327,359
0.0055444,344
0.00555553,300
0.00556667,339
0.0055778,327
0.00558893,338
0.00560007,332
0.0056112,342
0.00562233,322
0.00563347,353
0.0056446,317
0.00565573,334
0.00566687,313
0.005678,370
0.00568913,311
0.00570027,312
0.0057114,313
0.00572253,329
0.00573367,323
0.0057448,297
0.00575593,312
0.00576707,291
0.0057782,329
0.00578933,298
0.00580047,273
0.0058116,273
0.00582273,320
0.00583387,297
0.005845,286
0.00585613,283
0.00586727,291
0.0058784,294
0.00588953,332
0.00590067,304
0.0059118,288
0.00592293,296
0.00593407,268
0.0059452,268
0.00595633,285
0.00596747,295
0.0059786,290
0.00598973,284
0.00600087,303
0.006012,290
0.00602313,276
0.00603427,262
0.0060454,267
0.00605653,288
0.00606767,253
0.0060788,270
0.00608993,272
0.00610107,230
0.0061122,254
0.00612333,243
0.00613447,253
0.0061456,270
0.00615673,271
0.00616787,239
0.006179,238
0.00619013,205
0.00620127,225
0.0062124,230
0.00622353,274
0.00623467,241
0.0062458,241
0.00625693,254
0.00626807,254
0.0062792,226
0.00629033,247
0.00630147,240
0.0063126,225
0.00632373,185
0.00633487,211
0.006346,234
0.00635713,243
0.00636827,223
0.0063794,229
0.00639053,205
0.00640167,203
0.0064128,220
0.00642393,230
0.00643507,222
0.0064462,209
0.00645733,216
0.00646847,211
0.0064796,212
0.00649073,161
0.00650187,186
0.006513,174
0.00652413,185
0.00653527,189
0.0065464,225
0.00655753,191
0.00656867,192
0.0065798,201
0.00659093,173
0.00660207,201
0.0066132,187
0.00662433,176
0.00663547,187
0.0066466,205
0.00665773,200
0.00666887,228
0.00668,182
0.00669113,173
0.00670227,169
0.0067134,153
0.00672453,199
0.00673567,189
0.0067468,199
0.00675793,168
0.00676907,204
0.0067802,206
0.00679133,206
0.00680247,191
0.0068136,210
0.00682473,192
0.00683587,212
0.006847,190
0.00685813,193
0.00686927,217
0.0068804,213
0.00689153,190
0.00690267,175
0.0069138,184
0.00692493,185
0.00693607,203
0.0069472,157
0.00695833,194
0.00696947,199
0.0069806,168
0.00699173,192
0.00700287,177
0.007014,165
0.00702513,177
0.00703627,219
0.0070474,187
0.00705853,182
0.00706967,177
0.0070808,190
0.00709193,209
0.00710307,172
0.0071142,200
0.00712533,196
0.00713647,167
0.0071476,193
0.00715873,187
0.00716987,168
0.007181,137
0.00719213,160
0.00720327,168
0.0072144,155
0.00722553,144
0.00723667,185
0.0072478,172
0.00725893,153
0.00727007,182
0.0072812,184
0.00729233,139
0.00730347,140
0.0073146,170
0.00732573,146
0.00733687,151
0.007348,175
0.00735913,154
0.00737027,154
0.0073814,128
0.00739253,136
0.00740367,122
0.0074148,152
0.00742593,161
0.00743707,144
0.0074482,179
0.00745933,144
0.00747047,146
0.0074816,130
0.00749273,137
0.00750387,115
0.007515,153
0.00752613,122
0.00753727,139
0.0075484,144
0.00755953,139
0.00757067,108
0.0075818,143
0.00759293,144
0.00760407,120
0.0076152,114
0.00762633,103
0.00763747,109
0.0076486,129
0.00765973,103
0.00767087,106
0.007682,141
0.00769313,135
0.00770427,145
0.0077154,134
0.00772653,125
0.00773767,146
0.0077488,141
0.00775993,147
0.00777107,117
0.0077822,156
0.00779333,155
0.00780447,132
0.0078156,135
0.00782673,127
0.00783787,124
0.007849,124
0.00786013,112
0.00787127,123
0.0078824,129
0.00789353,131
0.00790467,105
0.0079158,127
0.00792693,132
0.00793807,122
0.0079492,121
0.00796033,124
0.00797147,111
0.0079826,134
0.00799373,118
0.00800487,108
0.008016,116
0.00802713,120
0.00803827,134
0.0080494,156
0.00806053,124
0.00807167,126
0.0080828,117
0.00809393,102
0.00810507,100
0.0081162,116
0.00812733,124
0.00813847,133
0.0081496,121
0.00816073,94
0.00817187,89
0.008183,107
0.00819413,122
0.00820527,87
0.0082164,98
0.00822753,106
0.00823867,114
0.0082498,120
0.00826093,113
0.00827207,102
0.0082832,91
0.00829433,75
0.00830547,92
0.0083166,90
0.00832773,119
0.00833887,78
0.00835,95
0.00836113,101
0.00837227,104
0.0083834,97
0.00839453,113
0.00840567,110
0.0084168,126
0.00842793,99
0.00843907,113
0.0084502,86
0.00846133,105
0.00847247,98
0.0084836,91
0.00849473,94
0.00850587,99
0.008517,94
0.00852813,95
0.00853927,94
0.0085504,93
0.00856153,94
0.00857267,97
0.0085838,105
0.00859493,94
0.00860607,87
0.0086172,69
0.00862833,88
0.00863947,77
0.0086506,91
0.00866173,110
0.00867287,78
0.008684,85
0.00869513,94
0.00870627,100
0.0087174,91
0.00872853,103
0.00873967,89
0.0087508,87
0.00876193,78
0.00877307,83
0.0087842,108
0.00879533,95
0.00880647,90
0.0088176,88
0.00882873,86
0.00883987,72
0.008851,68
0.00886213,98
0.00887327,92
0.0088844,98
0.00889553,79
0.00890667,74
0.0089178,88
0.00892893,93
0.00894007,83
0.0089512,82
0.00896233,79
0.00897347,78
0.0089846,87
0.00899573,82
0.00900687,82
0.009018,62
0.00902913,72
0.00904027,74
0.0090514,65
0.00906253,75
0.00907367,78
0.0090848,72
0.00909593,54
0.00910707,54
0.0091182,90
0.00912933,92
0.00914047,75
0.0091516,84
0.00916273,79
0.00917387,74
0.009185,73
0.00919613,73
0.00920727,70
0.0092184,61
0.00922953,72
0.00924067,51
0.0092518,64
0.00926293,72
0.00927407,64
0.0092852,83
0.00929633,63
0.00930747,80
0.0093186,73
0.00932973,68
0.00934087,75
0.009352,63
0.00936313,67
0.00937427,54
0.0093854,51
0.00939653,67
0.00940767,57
0.0094188,62
0.00942993,66
0.00944107,59
0.0094522,63
0.00946333,57
0.00947447,65
0.0094856,60
0.00949673,68
0.00950787,62
0.009519,65
0.00953013,52
0.00954127,59
0.0095524,70
0.00956353,68
0.00957467,64
0.0095858,68
0.00959693,50
0.00960807,59
0.0096192,66
0.00963033,39
0.00964147,49
0.0096526,60
0.00966373,57
0.00967487,57
0.009686,75
0.00969713,78
0.00970827,80
0.0097194,79
0.00973053,61
0.00974167,62
0.0097528,64
0.00976393,51
0.00977507,55
0.0097862,72
0.00979733,72
0.00980847,62
0.0098196,72
0.00983073,60
0.00984187,58
0.009853,52
0.00986413,73
0.00987527,52
0.0098864,65
0.00989753,63
0.00990867,41
0.0099198,50
0.00993093,71
0.00994207,61
0.0099532,41
0.00996433,62
0.00997547,53
0.0099866,69
0.00999773,61
0.0100089,39
0.01002,57
0.0100311,58
0.0100423,55
0.0100534,56
0.0100645,47
0.0100757,55
0.0100868,59
0.0100979,49
0.0101091,52
0.0101202,55
0.0101313,52
0.0101425,49
0.0101536,61
0.0101647,59
0.0101759,52
0.010187,43
0.0101981,40
0.0102093,53
0.0102204,38
0.0102315,63
0.0102427,62
0.0102538,47
0.0102649,44
0.0102761,50
0.0102872,66
0.0102983,47
0.0103095,37
0.0103206,45
0.0103317,48
0.0103429,38
0.010354,40
0.0103651,48
0.0103763,50
0.0103874,59
0.0103985,28
0.0104097,42
0.0104208,47
0.0104319,53
0.0104431,46
0.0104542,50
0.0104653,46
0.0104765,62
0.0104876,45
0.0104987,46
0.0105099,33
0.010521,59
0.0105321,50
0.0105433,47
0.0105544,39
0.0105655,46
0.0105767,42
0.0105878,42
0.0105989,51
0.0106101,52
0.0106212,40
0.0106323,62
0.0106435,49
0.0106546,49
0.0106657,34
0.0106769,46
0.010688,41
0.0106991,46
0.0107103,46
0.0107214,49
0.0107325,50
0.0107437,43
0.0107548,35
0.0107659,49
0.0107771,34
0.0107882,37
0.0107993,47
0.0108105,37
0.0108216,31
0.0108327,48
0.0108439,33
0.010855,55
0.0108661,50
0.0108773,38
0.0108884,44
0.0108995,38
0.0109107,60
0.0109218,39
0.0109329,40
0.0109441,44
0.0109552,39
0.0109663,44
0.0109775,45
0.0109886,37
0.0109997,56
0.0110109,49
0.011022,44
0.0110331,31
0.0110443,26
0.0110554,40
0.0110665,31
0.0110777,34
0.0110888,45
0.0110999,37
0.0111111,43
0.0111222,36
0.0111333,30
0.0111445,45
0.0111556,49
0.0111667,33
0.0111779,27
0.011189,30
0.0112001,32
0.0112113,39
0.0112224,45
0.0112335,39
0.0112447,44
0.0112558,39
0.0112669,29
0.0112781,50
0.0112892,46
0.0113003,32
0.0113115,44
0.0113226,39
0.0113337,35
0.0113449,40
0.011356,28
0.0113671,43
0.0113783,36
0.0113894,43
0.0114005,38
0.0114117,31
0.0114228,57
0.0114339,30
0.0114451,45
0.0114562,34
0.0114673,36
0.0114785,35
0.0114896,43
0.0115007,44
0.0115119,27
0.011523,55
0.0115341,36
0.0115453,38
0.0115564,40
0.0115675,47
0.0115787,31
0.0115898,30
0.0116009,39
0.0116121,29
0.0116232,31
0.0116343,42
0.0116455,41
0.0116566,25
0.0116677,34
0.0116789,45
0.01169,39
0.0117011,28
0.0117123,35
0.0117234,37
0.0117345,33
0.0117457,29
0.0117568,38
0.0117679,41
0.0117791,31
0.0117902,46
0.0118013,34
0.0118125,27
0.0118236,33
0.0118347,32
0.0118459,43
0.011857,39
0.0118681,38
0.0118793,41
0.0118904,33
0.0119015,42
0.0119127,38
0.0119238,32
0.0119349,36
0.0119461,29
0.0119572,34
0.0119683,23
0.0119795,30
0.0119906,45
0.0120017,29
0.0120129,28
0.012024,24
0.0120351,26
0.0120463,36
0.0120574,24
0.0120685,27
0.0120797,30
0.0120908,40
0.0121019,24
0.0121131,24
0.0121242,31
0.0121353,45
0.0121465,28
0.0121576,36
0.0121687,19
0.0121799,36
0.012191,35
0.0122021,39
0.0122133,29
0.0122244,30
0.0122355,35
0.0122467,29
0.0122578,37
0.0122689,37
0.0122801,31
0.0122912,36
0.0123023,44
0.0123135,43
0.0123246,41
0.0123357,32
0.0123469,28
0.012358,26
0.0123691,38
0.0123803,20
0.0123914,31
0.0124025,26
0.0124137,35
0.0124248,34
0.0124359,28
0.0124471,35
0.0124582,30
0.0124693,27
0.0124805,31
0.0124916,27
0.0125027,25
0.0125139,34
0.012525,32
0.0125361,24
0.0125473,21
0.0125584,36
0.0125695,37
0.0125807,25
0.0125918,25
0.0126029,25
0.0126141,24
0.0126252,32
0.0126363,36
0.0126475,32
0.0126586,30
0.0126697,39
0.0126809,26
0.012692,24
0.0127031,38
0.0127143,21
0.0127254,21
0.0127365,33
0.0127477,15
0.0127588,43
0.0127699,23
0.0127811,38
0.0127922,27
0.0128033,29
0.0128145,26
0.0128256,36
0.0128367,25
0.0128479,17
0.012859,22
0.0128701,32
0.0128813,30
0.0128924,25
0.0129035,27
0.0129147,31
0.0129258,14
0.0129369,36
0.0129481,23
0.0129592,28
0.0129703,31
0.0129815,32
0.0129926,30
0.0130037,29
0.0130149,28
0.013026,38
0.0130371,38
0.0130483,28
0.0130594,29
0.0130705,37
0.0130817,29
0.0130928,44
0.0131039,35
0.0131151,32
0.0131262,22
0.0131373,28
0.0131485,27
0.0131596,24
0.0131707,40
0.0131819,33
0.013193,35
0.0132041,25
0.0132153,36
0.0132264,41
0.0132375,37
0.0132487,25
0.0132598,25
0.0132709,26
0.0132821,27
0.0132932,18
0.0133043,31
0.0133155,21
0.0133266,27
0.0133377,36
0.0133489,31
0.01336,34
0.0133711,24
0.0133823,24
0.0133934,29
0.0134045,25
0.0134157,20
0.0134268,31
0.0134379,37
0.0134491,26
0.0134602,36
0.0134713,23
0.0134825,31
0.0134936,27
0.0135047,17
0.0135159,32
0.013527,26
0.0135381,25
0.0135493,27
0.0135604,26
0.0135715,25
0.0135827,32
0.0135938,33
0.0136049,31
0.0136161,32
0.0136272,34
0.0136383,7
0.0136495,26
0.0136606,36
0.0136717,25
0.0136829,26
0.013694,20
0.0137051,19
0.0137163,20
0.0137274,31
0.0137385,28
0.0137497,29
0.0137608,25
0.0137719,37
0.0137831,37
0.0137942,26
0.0138053,26
0.0138165,25
0.0138276,24
0.0138387,38
0.0138499,23
0.013861,25
0.0138721,28
0.0138833,21
0.0138944,27
0.0139055,28
0.0139167,33
0.0139278,19
0.0139389,25
0.0139501,28
0.0139612,27
0.0139723,29
0.0139835,25
0.0139946,30
0.0140057,19
0.0140169,30
0.014028,20
0.0140391,26
0.0140503,26
0.0140614,16
0.0140725,27
0.0140837,22
0.0140948,18
0.0141059,35
0.0141171,24
0.0141282,18
0.0141393,38
0.0141505,24
0.0141616,30
0.0141727,27
0.0141839,24
0.014195,30
0.0142061,24
0.0142173,32
0.0142284,21
0.0142395,22
0.0142507,29
0.0142618,32
0.0142729,21
0.0142841,23
0.0142952,25
0.0143063,23
0.0143175,24
0.0143286,20
0.0143397,31
0.0143509,23
0.014362,24
0.0143731,27
0.0143843,19
0.0143954,37
0.0144065,29
0.0144177,22
0.0144288,26
0.0144399,22
0.0144511,20
0.0144622,18
0.0144733,20
0.0144845,29
0.0144956,35
0.0145067,32
0.0145179,20
0.014529,11
0.0145401,19
0.0145513,22
0.0145624,28
0.0145735,28
0.0145847,17
0.0145958,27
0.0146069,26
0.0146181,21
0.0146292,15
0.0146403,24
0.0146515,29
0.0146626,28
0.0146737,36
0.0146849,24
0.014696,22
0.0147071,18
0.0147183,24
0.0147294,27
0.0147405,15
0.0147517,27
0.0147628,20
0.0147739,35
0.0147851,21
0.0147962,25
0.0148073,17
0.0148185,30
0.0148296,20
0.0148407,21
0.0148519,25
0.014863,23
0.0148741,29
0.0148853,22
0.0148964,17
0.0149075,18
0.0149187,34
0.0149298,25
0.0149409,30
0.0149521,23
0.0149632,28
0.0149743,23
0.0149855,22
0.0149966,22
0.0150077,22
0.0150189,24
0.01503,23
0.0150411,27
0.0150523,34
0.0150634,27
0.0150745,21
0.0150857,30
0.0150968,25
0.0151079,34
0.0151191,27
0.0151302,22
0.0151413,17
0.0151525,27
0.0151636,25
0.0151747,18
0.0151859,30
0.015197,29
0.0152081,21
0.0152193,29
0.0152304,30
0.0152415,24
0.0152527,28
0.0152638,14
0.0152749,21
0.0152861,28
0.0152972,16
0.0153083,36
0.0153195,33
0.0153306,24
0.0153417,26
0.0153529,26
0.015364,27
0.0153751,24
0.0153863,28
0.0153974,16
0.0154085,21
0.0154197,14
0.0154308,28
0.0154419,27
0.0154531,31
0.0154642,27
0.0154753,18
0.0154865,22
0.0154976,31
0.0155087,27
0.0155199,12
0.015531,19
0.0155421,26
0.0155533,29
0.0155644,22
0.0155755,23
0.0155867,22
0.0155978,19
0.0156089,30
0.0156201,19
0.0156312,17
0.0156423,16
0.0156535,27
0.0156646,28
0.0156757,25
0.0156869,22
0.015698,19
0.0157091,13
0.0157203,17
0.0157314,23
0.0157425,21
0.0157537,24
0.0157648,28
0.0157759,21
0.0157871,16
0.0157982,20
0.0158093,19
0.0158205,23
0.0158316,26
0.0158427,35
0.0158539,31
0.015865,19
0.0158761,24
0.0158873,25
0.0158984,22
0.0159095,15
0.0159207,16
0.0159318,23
0.0159429,27
0.0159541,14
0.0159652,20
0.0159763,17
0.0159875,27
0.0159986,25
0.0160097,19
0.0160209,17
0.016032,27
0.0160431,22
0.0160543,17
0.0160654,12
0.0160765,20
0.0160877,30
0.0160988,33
0.0161099,23
0.0161211,15
0.0161322,15
0.0161433,27
0.0161545,20
0.0161656,31
0.0161767,12
0.0161879,20
0.016199,21
0.0162101,22
0.0162213,17
0.0162324,23
0.0162435,24
0.0162547,22
0.0162658,24
0.0162769,28
0.0162881,23
0.0162992,16
0.0163103,30
0.0163215,21
0.0163326,22
0.0163437,26
0.0163549,29
0.016366,21
0.0163771,32
0.0163883,21
0.0163994,13
0.0164105,21
0.0164217,26
0.0164328,26
0.0164439,27
0.0164551,35
0.0164662,13
0.0164773,21
0.0164885,27
0.0164996,14
0.0165107,29
0.0165219,25
0.016533,24
0.0165441,17
0.0165553,18
0.0165664,22
0.0165775,22
0.0165887,16
0.0165998,33
0.0166109,20
0.0166221,30
0.0166332,27
0.0166443,20
0.0166555,20
0.0166666,15
0.0166777,7
0.0166889,0
0.0167,0
